primes 7 7
1 divs ----------------
0 7 1
go 1 1
3 0 calc---------------
1
3 1 calc---------------
0 1 3
3
Case #1: 3
primes 15 3
primes 5 5
2 divs ----------------
0 3 1
1 5 1
go 1 10
2 0 calc---------------
1
2 1 calc---------------
0 1 2
1 1 6
6
go 5 10
2 0 calc---------------
1 1 2
2
2 1 calc---------------
0 1 2
2
go 3 10
2 0 calc---------------
0 1 2
2
2 1 calc---------------
1 1 2
2
Case #2: 14
primes 21 3
primes 7 7
2 divs ----------------
0 3 1
1 7 1
4 0 calc---------------
0 1 4
1 1 20
20
Case #3: 20
primes 3628800 2
primes 14175 3
primes 175 5
primes 7 7
4 divs ----------------
0 2 8
1 3 4
2 5 2
3 7 1
go 1 50000
50 0 calc---------------
1
50 1 calc---------------
0 8 153775704
1 4 716695083
2 2 705487306
3 1 151187269
151187269
go 7 50000
50 0 calc---------------
3 1 50
50
50 1 calc---------------
0 8 153775704
1 4 716695083
2 2 705487306
705487306
go 5 50000
50 0 calc---------------
2 1 50
50
50 1 calc---------------
0 8 153775704
1 4 716695083
2 1 435094838
3 1 410974605
410974605
go 35 50000
50 0 calc---------------
2 1 50
3 1 2550
2550
50 1 calc---------------
0 8 153775704
1 4 716695083
2 1 435094838
435094838
go 25 50000
50 0 calc---------------
2 2 1275
1275
50 1 calc---------------
0 8 153775704
1 4 716695083
3 1 435094838
435094838
go 175 50000
50 0 calc---------------
2 2 1275
3 1 66300
66300
50 1 calc---------------
0 8 153775704
1 4 716695083
716695083
go 3 50000
50 0 calc---------------
1 1 50
50
50 1 calc---------------
0 8 153775704
1 3 409108092
2 2 623396561
3 1 273983070
273983070
go 21 50000
50 0 calc---------------
1 1 50
3 1 2550
2550
50 1 calc---------------
0 8 153775704
1 3 409108092
2 2 623396561
623396561
go 15 50000
50 0 calc---------------
1 1 50
2 1 2550
2550
50 1 calc---------------
0 8 153775704
1 3 409108092
2 1 955593444
3 1 246793115
246793115
go 105 50000
50 0 calc---------------
1 1 50
2 1 2550
3 1 132600
132600
50 1 calc---------------
0 8 153775704
1 3 409108092
2 1 955593444
955593444
go 75 50000
50 0 calc---------------
1 1 50
2 2 66300
66300
50 1 calc---------------
0 8 153775704
1 3 409108092
3 1 955593444
955593444
go 525 50000
50 0 calc---------------
1 1 50
2 2 66300
3 1 3513900
3513900
50 1 calc---------------
0 8 153775704
1 3 409108092
409108092
go 9 50000
50 0 calc---------------
1 2 1275
1275
50 1 calc---------------
0 8 153775704
1 2 110227703
2 2 716695083
3 1 435094838
435094838
go 63 50000
50 0 calc---------------
1 2 1275
3 1 66300
66300
50 1 calc---------------
0 8 153775704
1 2 110227703
2 2 716695083
716695083
go 45 50000
50 0 calc---------------
1 2 1275
2 1 66300
66300
50 1 calc---------------
0 8 153775704
1 2 110227703
2 1 613662138
3 1 433390159
433390159
go 315 50000
50 0 calc---------------
1 2 1275
2 1 66300
3 1 3513900
3513900
50 1 calc---------------
0 8 153775704
1 2 110227703
2 1 613662138
613662138
go 225 50000
50 0 calc---------------
1 2 1275
2 2 1756950
1756950
50 1 calc---------------
0 8 153775704
1 2 110227703
3 1 613662138
613662138
go 1575 50000
50 0 calc---------------
1 2 1275
2 2 1756950
3 1 94875300
94875300
50 1 calc---------------
0 8 153775704
1 2 110227703
110227703
go 27 50000
50 0 calc---------------
1 3 44200
44200
50 1 calc---------------
0 8 153775704
1 1 918990776
2 2 613662138
3 1 433390159
433390159
go 189 50000
50 0 calc---------------
1 3 44200
3 1 2342600
2342600
50 1 calc---------------
0 8 153775704
1 1 918990776
2 2 613662138
613662138
go 135 50000
50 0 calc---------------
1 3 44200
2 1 2342600
2342600
50 1 calc---------------
0 8 153775704
1 1 918990776
2 1 220455406
3 1 227324269
227324269
go 945 50000
50 0 calc---------------
1 3 44200
2 1 2342600
3 1 126500400
126500400
50 1 calc---------------
0 8 153775704
1 1 918990776
2 1 220455406
220455406
go 675 50000
50 0 calc---------------
1 3 44200
2 2 63250200
63250200
50 1 calc---------------
0 8 153775704
1 1 918990776
3 1 220455406
220455406
go 4725 50000
50 0 calc---------------
1 3 44200
2 2 63250200
3 1 478760979
478760979
50 1 calc---------------
0 8 153775704
1 1 918990776
918990776
go 81 50000
50 0 calc---------------
1 4 1756950
1756950
50 1 calc---------------
0 8 153775704
2 2 110227703
3 1 613662138
613662138
go 567 50000
50 0 calc---------------
1 4 1756950
3 1 94875300
94875300
50 1 calc---------------
0 8 153775704
2 2 110227703
110227703
go 405 50000
50 0 calc---------------
1 4 1756950
2 1 94875300
94875300
50 1 calc---------------
0 8 153775704
2 1 918990776
3 1 220455406
220455406
go 2835 50000
50 0 calc---------------
1 4 1756950
2 1 94875300
3 1 218141465
218141465
50 1 calc---------------
0 8 153775704
2 1 918990776
918990776
go 2025 50000
50 0 calc---------------
1 4 1756950
2 2 609070736
609070736
50 1 calc---------------
0 8 153775704
3 1 918990776
918990776
go 14175 50000
50 0 calc---------------
1 4 1756950
2 2 609070736
3 1 107960978
107960978
50 1 calc---------------
0 8 153775704
153775704
go 2 50000
50 0 calc---------------
0 1 50
50
50 1 calc---------------
0 7 980526838
1 4 207806935
2 2 962911341
3 1 663414063
663414063
go 14 50000
50 0 calc---------------
0 1 50
3 1 2550
2550
50 1 calc---------------
0 7 980526838
1 4 207806935
2 2 962911341
962911341
go 10 50000
50 0 calc---------------
0 1 50
2 1 2550
2550
50 1 calc---------------
0 7 980526838
1 4 207806935
2 1 676222951
3 1 925822675
925822675
go 70 50000
50 0 calc---------------
0 1 50
2 1 2550
3 1 132600
132600
50 1 calc---------------
0 7 980526838
1 4 207806935
2 1 676222951
676222951
go 50 50000
50 0 calc---------------
0 1 50
2 2 66300
66300
50 1 calc---------------
0 7 980526838
1 4 207806935
3 1 676222951
676222951
go 350 50000
50 0 calc---------------
0 1 50
2 2 66300
3 1 3513900
3513900
50 1 calc---------------
0 7 980526838
1 4 207806935
207806935
go 6 50000
50 0 calc---------------
0 1 50
1 1 2550
2550
50 1 calc---------------
0 7 980526838
1 3 893506827
2 2 117481965
3 1 283881781
283881781
go 42 50000
50 0 calc---------------
0 1 50
1 1 2550
3 1 132600
132600
50 1 calc---------------
0 7 980526838
1 3 893506827
2 2 117481965
117481965
go 30 50000
50 0 calc---------------
0 1 50
1 1 2550
2 1 132600
132600
50 1 calc---------------
0 7 980526838
1 3 893506827
2 1 610409249
3 1 234963930
234963930
go 210 50000
50 0 calc---------------
0 1 50
1 1 2550
2 1 132600
3 1 7027800
7027800
50 1 calc---------------
0 7 980526838
1 3 893506827
2 1 610409249
610409249
go 150 50000
50 0 calc---------------
0 1 50
1 1 2550
2 2 3513900
3513900
50 1 calc---------------
0 7 980526838
1 3 893506827
3 1 610409249
610409249
go 1050 50000
50 0 calc---------------
0 1 50
1 1 2550
2 2 3513900
3 1 189750600
189750600
50 1 calc---------------
0 7 980526838
1 3 893506827
893506827
go 18 50000
50 0 calc---------------
0 1 50
1 2 66300
66300
50 1 calc---------------
0 7 980526838
1 2 810851874
2 2 207806935
3 1 676222951
676222951
go 126 50000
50 0 calc---------------
0 1 50
1 2 66300
3 1 3513900
3513900
50 1 calc---------------
0 7 980526838
1 2 810851874
2 2 207806935
207806935
go 90 50000
50 0 calc---------------
0 1 50
1 2 66300
2 1 3513900
3513900
50 1 calc---------------
0 7 980526838
1 2 810851874
2 1 840260237
3 1 415613870
415613870
go 630 50000
50 0 calc---------------
0 1 50
1 2 66300
2 1 3513900
3 1 189750600
189750600
50 1 calc---------------
0 7 980526838
1 2 810851874
2 1 840260237
840260237
go 450 50000
50 0 calc---------------
0 1 50
1 2 66300
2 2 94875300
94875300
50 1 calc---------------
0 7 980526838
1 2 810851874
3 1 840260237
840260237
go 3150 50000
50 0 calc---------------
0 1 50
1 2 66300
2 2 94875300
3 1 218141465
218141465
50 1 calc---------------
0 7 980526838
1 2 810851874
810851874
go 54 50000
50 0 calc---------------
0 1 50
1 3 2342600
2342600
50 1 calc---------------
0 7 980526838
1 1 890029381
2 2 840260237
3 1 415613870
415613870
go 378 50000
50 0 calc---------------
0 1 50
1 3 2342600
3 1 126500400
126500400
50 1 calc---------------
0 7 980526838
1 1 890029381
2 2 840260237
840260237
go 270 50000
50 0 calc---------------
0 1 50
1 3 2342600
2 1 126500400
126500400
50 1 calc---------------
0 7 980526838
1 1 890029381
2 1 621703741
3 1 680520467
680520467
go 1890 50000
50 0 calc---------------
0 1 50
1 3 2342600
2 1 126500400
3 1 957521958
957521958
50 1 calc---------------
0 7 980526838
1 1 890029381
2 1 621703741
621703741
go 1350 50000
50 0 calc---------------
0 1 50
1 3 2342600
2 2 478760979
478760979
50 1 calc---------------
0 7 980526838
1 1 890029381
3 1 621703741
621703741
go 9450 50000
50 0 calc---------------
0 1 50
1 3 2342600
2 2 478760979
3 1 810614642
810614642
50 1 calc---------------
0 7 980526838
1 1 890029381
890029381
go 162 50000
50 0 calc---------------
0 1 50
1 4 94875300
94875300
50 1 calc---------------
0 7 980526838
2 2 810851874
3 1 840260237
840260237
go 1134 50000
50 0 calc---------------
0 1 50
1 4 94875300
3 1 218141465
218141465
50 1 calc---------------
0 7 980526838
2 2 810851874
810851874
go 810 50000
50 0 calc---------------
0 1 50
1 4 94875300
2 1 218141465
218141465
50 1 calc---------------
0 7 980526838
2 1 890029381
3 1 621703741
621703741
go 5670 50000
50 0 calc---------------
0 1 50
1 4 94875300
2 1 218141465
3 1 215921956
215921956
50 1 calc---------------
0 7 980526838
2 1 890029381
890029381
go 4050 50000
50 0 calc---------------
0 1 50
1 4 94875300
2 2 107960978
107960978
50 1 calc---------------
0 7 980526838
3 1 890029381
890029381
go 28350 50000
50 0 calc---------------
0 1 50
1 4 94875300
2 2 107960978
3 1 153775704
153775704
50 1 calc---------------
0 7 980526838
980526838
go 4 50000
50 0 calc---------------
0 2 1275
1275
50 1 calc---------------
0 6 478760979
1 4 406818471
2 2 477796722
3 1 623396561
623396561
go 28 50000
50 0 calc---------------
0 2 1275
3 1 66300
66300
50 1 calc---------------
0 6 478760979
1 4 406818471
2 2 477796722
477796722
go 20 50000
50 0 calc---------------
0 2 1275
2 1 66300
66300
50 1 calc---------------
0 6 478760979
1 4 406818471
2 1 409108092
3 1 955593444
955593444
go 140 50000
50 0 calc---------------
0 2 1275
2 1 66300
3 1 3513900
3513900
50 1 calc---------------
0 6 478760979
1 4 406818471
2 1 409108092
409108092
go 100 50000
50 0 calc---------------
0 2 1275
2 2 1756950
1756950
50 1 calc---------------
0 6 478760979
1 4 406818471
3 1 409108092
409108092
go 700 50000
50 0 calc---------------
0 2 1275
2 2 1756950
3 1 94875300
94875300
50 1 calc---------------
0 6 478760979
1 4 406818471
406818471
go 12 50000
50 0 calc---------------
0 2 1275
1 1 66300
66300
50 1 calc---------------
0 6 478760979
1 3 297329233
2 2 272738728
3 1 637062296
637062296
go 84 50000
50 0 calc---------------
0 2 1275
1 1 66300
3 1 3513900
3513900
50 1 calc---------------
0 6 478760979
1 3 297329233
2 2 272738728
272738728
go 60 50000
50 0 calc---------------
0 2 1275
1 1 66300
2 1 3513900
3513900
50 1 calc---------------
0 6 478760979
1 3 297329233
2 1 542424628
3 1 545477456
545477456
go 420 50000
50 0 calc---------------
0 2 1275
1 1 66300
2 1 3513900
3 1 189750600
189750600
50 1 calc---------------
0 6 478760979
1 3 297329233
2 1 542424628
542424628
go 300 50000
50 0 calc---------------
0 2 1275
1 1 66300
2 2 94875300
94875300
50 1 calc---------------
0 6 478760979
1 3 297329233
3 1 542424628
542424628
go 2100 50000
50 0 calc---------------
0 2 1275
1 1 66300
2 2 94875300
3 1 218141465
218141465
50 1 calc---------------
0 6 478760979
1 3 297329233
297329233
go 36 50000
50 0 calc---------------
0 2 1275
1 2 1756950
1756950
50 1 calc---------------
0 6 478760979
1 2 102517136
2 2 406818471
3 1 409108092
409108092
go 252 50000
50 0 calc---------------
0 2 1275
1 2 1756950
3 1 94875300
94875300
50 1 calc---------------
0 6 478760979
1 2 102517136
2 2 406818471
406818471
go 180 50000
50 0 calc---------------
0 2 1275
1 2 1756950
2 1 94875300
94875300
50 1 calc---------------
0 6 478760979
1 2 102517136
2 1 945993853
3 1 813636942
813636942
go 1260 50000
50 0 calc---------------
0 2 1275
1 2 1756950
2 1 94875300
3 1 218141465
218141465
50 1 calc---------------
0 6 478760979
1 2 102517136
2 1 945993853
945993853
go 900 50000
50 0 calc---------------
0 2 1275
1 2 1756950
2 2 609070736
609070736
50 1 calc---------------
0 6 478760979
1 2 102517136
3 1 945993853
945993853
go 6300 50000
50 0 calc---------------
0 2 1275
1 2 1756950
2 2 609070736
3 1 107960978
107960978
50 1 calc---------------
0 6 478760979
1 2 102517136
102517136
go 108 50000
50 0 calc---------------
0 2 1275
1 3 63250200
63250200
50 1 calc---------------
0 6 478760979
1 1 810614642
2 2 945993853
3 1 813636942
813636942
go 756 50000
50 0 calc---------------
0 2 1275
1 3 63250200
3 1 478760979
478760979
50 1 calc---------------
0 6 478760979
1 1 810614642
2 2 945993853
945993853
go 540 50000
50 0 calc---------------
0 2 1275
1 3 63250200
2 1 478760979
478760979
50 1 calc---------------
0 6 478760979
1 1 810614642
2 1 205034272
3 1 891987699
891987699
go 3780 50000
50 0 calc---------------
0 2 1275
1 3 63250200
2 1 478760979
3 1 810614642
810614642
50 1 calc---------------
0 6 478760979
1 1 810614642
2 1 205034272
205034272
go 2700 50000
50 0 calc---------------
0 2 1275
1 3 63250200
2 2 405307321
405307321
50 1 calc---------------
0 6 478760979
1 1 810614642
3 1 205034272
205034272
go 18900 50000
50 0 calc---------------
0 2 1275
1 3 63250200
2 2 405307321
3 1 102517136
102517136
50 1 calc---------------
0 6 478760979
1 1 810614642
810614642
go 324 50000
50 0 calc---------------
0 2 1275
1 4 609070736
609070736
50 1 calc---------------
0 6 478760979
2 2 102517136
3 1 945993853
945993853
go 2268 50000
50 0 calc---------------
0 2 1275
1 4 609070736
3 1 107960978
107960978
50 1 calc---------------
0 6 478760979
2 2 102517136
102517136
go 1620 50000
50 0 calc---------------
0 2 1275
1 4 609070736
2 1 107960978
107960978
50 1 calc---------------
0 6 478760979
2 1 810614642
3 1 205034272
205034272
go 11340 50000
50 0 calc---------------
0 2 1275
1 4 609070736
2 1 107960978
3 1 153775704
153775704
50 1 calc---------------
0 6 478760979
2 1 810614642
810614642
go 8100 50000
50 0 calc---------------
0 2 1275
1 4 609070736
2 2 76887852
76887852
50 1 calc---------------
0 6 478760979
3 1 810614642
810614642
go 8 50000
50 0 calc---------------
0 3 44200
44200
50 1 calc---------------
0 5 75900240
1 4 167596309
2 2 645464858
3 1 373356065
373356065
go 56 50000
50 0 calc---------------
0 3 44200
3 1 2342600
2342600
50 1 calc---------------
0 5 75900240
1 4 167596309
2 2 645464858
645464858
go 40 50000
50 0 calc---------------
0 3 44200
2 1 2342600
2342600
50 1 calc---------------
0 5 75900240
1 4 167596309
2 1 888182168
3 1 290929709
290929709
go 280 50000
50 0 calc---------------
0 3 44200
2 1 2342600
3 1 126500400
126500400
50 1 calc---------------
0 5 75900240
1 4 167596309
2 1 888182168
888182168
go 200 50000
50 0 calc---------------
0 3 44200
2 2 63250200
63250200
50 1 calc---------------
0 5 75900240
1 4 167596309
3 1 888182168
888182168
go 1400 50000
50 0 calc---------------
0 3 44200
2 2 63250200
3 1 478760979
478760979
50 1 calc---------------
0 5 75900240
1 4 167596309
167596309
go 24 50000
50 0 calc---------------
0 3 44200
1 1 2342600
2342600
50 1 calc---------------
0 5 75900240
1 3 682013713
2 2 925454781
3 1 527286475
527286475
go 168 50000
50 0 calc---------------
0 3 44200
1 1 2342600
3 1 126500400
126500400
50 1 calc---------------
0 5 75900240
1 3 682013713
2 2 925454781
925454781
go 120 50000
50 0 calc---------------
0 3 44200
1 1 2342600
2 1 126500400
126500400
50 1 calc---------------
0 5 75900240
1 3 682013713
2 1 556795081
3 1 850909555
850909555
go 840 50000
50 0 calc---------------
0 3 44200
1 1 2342600
2 1 126500400
3 1 957521958
957521958
50 1 calc---------------
0 5 75900240
1 3 682013713
2 1 556795081
556795081
go 600 50000
50 0 calc---------------
0 3 44200
1 1 2342600
2 2 478760979
478760979
50 1 calc---------------
0 5 75900240
1 3 682013713
3 1 556795081
556795081
go 4200 50000
50 0 calc---------------
0 3 44200
1 1 2342600
2 2 478760979
3 1 810614642
810614642
50 1 calc---------------
0 5 75900240
1 3 682013713
682013713
go 72 50000
50 0 calc---------------
0 3 44200
1 2 63250200
63250200
50 1 calc---------------
0 5 75900240
1 2 886368788
2 2 167596309
3 1 888182168
888182168
go 504 50000
50 0 calc---------------
0 3 44200
1 2 63250200
3 1 478760979
478760979
50 1 calc---------------
0 5 75900240
1 2 886368788
2 2 167596309
167596309
go 360 50000
50 0 calc---------------
0 3 44200
1 2 63250200
2 1 478760979
478760979
50 1 calc---------------
0 5 75900240
1 2 886368788
2 1 523020566
3 1 335192618
335192618
go 2520 50000
50 0 calc---------------
0 3 44200
1 2 63250200
2 1 478760979
3 1 810614642
810614642
50 1 calc---------------
0 5 75900240
1 2 886368788
2 1 523020566
523020566
go 1800 50000
50 0 calc---------------
0 3 44200
1 2 63250200
2 2 405307321
405307321
50 1 calc---------------
0 5 75900240
1 2 886368788
3 1 523020566
523020566
go 12600 50000
50 0 calc---------------
0 3 44200
1 2 63250200
2 2 405307321
3 1 102517136
102517136
50 1 calc---------------
0 5 75900240
1 2 886368788
886368788
go 216 50000
50 0 calc---------------
0 3 44200
1 3 319173986
319173986
50 1 calc---------------
0 5 75900240
1 1 174513172
2 2 523020566
3 1 335192618
335192618
go 1512 50000
50 0 calc---------------
0 3 44200
1 3 319173986
3 1 873743097
873743097
50 1 calc---------------
0 5 75900240
1 1 174513172
2 2 523020566
523020566
go 1080 50000
50 0 calc---------------
0 3 44200
1 3 319173986
2 1 873743097
873743097
50 1 calc---------------
0 5 75900240
1 1 174513172
2 1 772737569
3 1 46041125
46041125
go 7560 50000
50 0 calc---------------
0 3 44200
1 3 319173986
2 1 873743097
3 1 803356186
803356186
50 1 calc---------------
0 5 75900240
1 1 174513172
2 1 772737569
772737569
go 5400 50000
50 0 calc---------------
0 3 44200
1 3 319173986
2 2 401678093
401678093
50 1 calc---------------
0 5 75900240
1 1 174513172
3 1 772737569
772737569
go 37800 50000
50 0 calc---------------
0 3 44200
1 3 319173986
2 2 401678093
3 1 297329233
297329233
50 1 calc---------------
0 5 75900240
1 1 174513172
174513172
go 648 50000
50 0 calc---------------
0 3 44200
1 4 405307321
405307321
50 1 calc---------------
0 5 75900240
2 2 886368788
3 1 523020566
523020566
go 4536 50000
50 0 calc---------------
0 3 44200
1 4 405307321
3 1 102517136
102517136
50 1 calc---------------
0 5 75900240
2 2 886368788
886368788
go 3240 50000
50 0 calc---------------
0 3 44200
1 4 405307321
2 1 102517136
102517136
50 1 calc---------------
0 5 75900240
2 1 174513172
3 1 772737569
772737569
go 22680 50000
50 0 calc---------------
0 3 44200
1 4 405307321
2 1 102517136
3 1 945993853
945993853
50 1 calc---------------
0 5 75900240
2 1 174513172
174513172
go 16200 50000
50 0 calc---------------
0 3 44200
1 4 405307321
2 2 972996930
972996930
50 1 calc---------------
0 5 75900240
3 1 174513172
174513172
go 16 50000
50 0 calc---------------
0 4 1756950
1756950
50 1 calc---------------
0 4 1756950
1 4 76887852
2 2 555113855
3 1 306831069
306831069
go 112 50000
50 0 calc---------------
0 4 1756950
3 1 94875300
94875300
50 1 calc---------------
0 4 1756950
1 4 76887852
2 2 555113855
555113855
go 80 50000
50 0 calc---------------
0 4 1756950
2 1 94875300
94875300
50 1 calc---------------
0 4 1756950
1 4 76887852
2 1 459495388
3 1 110227703
110227703
go 560 50000
50 0 calc---------------
0 4 1756950
2 1 94875300
3 1 218141465
218141465
50 1 calc---------------
0 4 1756950
1 4 76887852
2 1 459495388
459495388
go 400 50000
50 0 calc---------------
0 4 1756950
2 2 609070736
609070736
50 1 calc---------------
0 4 1756950
1 4 76887852
3 1 459495388
459495388
go 2800 50000
50 0 calc---------------
0 4 1756950
2 2 609070736
3 1 107960978
107960978
50 1 calc---------------
0 4 1756950
1 4 76887852
76887852
go 48 50000
50 0 calc---------------
0 4 1756950
1 1 94875300
94875300
50 1 calc---------------
0 4 1756950
1 3 405307321
2 2 972996930
3 1 406818471
406818471
go 336 50000
50 0 calc---------------
0 4 1756950
1 1 94875300
3 1 218141465
218141465
50 1 calc---------------
0 4 1756950
1 3 405307321
2 2 972996930
972996930
go 240 50000
50 0 calc---------------
0 4 1756950
1 1 94875300
2 1 218141465
218141465
50 1 calc---------------
0 4 1756950
1 3 405307321
2 1 102517136
3 1 945993853
945993853
go 1680 50000
50 0 calc---------------
0 4 1756950
1 1 94875300
2 1 218141465
3 1 215921956
215921956
50 1 calc---------------
0 4 1756950
1 3 405307321
2 1 102517136
102517136
go 1200 50000
50 0 calc---------------
0 4 1756950
1 1 94875300
2 2 107960978
107960978
50 1 calc---------------
0 4 1756950
1 3 405307321
3 1 102517136
102517136
go 8400 50000
50 0 calc---------------
0 4 1756950
1 1 94875300
2 2 107960978
3 1 153775704
153775704
50 1 calc---------------
0 4 1756950
1 3 405307321
405307321
go 144 50000
50 0 calc---------------
0 4 1756950
1 2 609070736
609070736
50 1 calc---------------
0 4 1756950
1 2 609070736
2 2 76887852
3 1 459495388
459495388
go 1008 50000
50 0 calc---------------
0 4 1756950
1 2 609070736
3 1 107960978
107960978
50 1 calc---------------
0 4 1756950
1 2 609070736
2 2 76887852
76887852
go 720 50000
50 0 calc---------------
0 4 1756950
1 2 609070736
2 1 107960978
107960978
50 1 calc---------------
0 4 1756950
1 2 609070736
2 1 107960978
3 1 153775704
153775704
go 5040 50000
50 0 calc---------------
0 4 1756950
1 2 609070736
2 1 107960978
3 1 153775704
153775704
50 1 calc---------------
0 4 1756950
1 2 609070736
2 1 107960978
107960978
go 3600 50000
50 0 calc---------------
0 4 1756950
1 2 609070736
2 2 76887852
76887852
50 1 calc---------------
0 4 1756950
1 2 609070736
3 1 107960978
107960978
go 25200 50000
50 0 calc---------------
0 4 1756950
1 2 609070736
2 2 76887852
3 1 459495388
459495388
50 1 calc---------------
0 4 1756950
1 2 609070736
609070736
go 432 50000
50 0 calc---------------
0 4 1756950
1 3 405307321
405307321
50 1 calc---------------
0 4 1756950
1 1 94875300
2 2 107960978
3 1 153775704
153775704
go 3024 50000
50 0 calc---------------
0 4 1756950
1 3 405307321
3 1 102517136
102517136
50 1 calc---------------
0 4 1756950
1 1 94875300
2 2 107960978
107960978
go 2160 50000
50 0 calc---------------
0 4 1756950
1 3 405307321
2 1 102517136
102517136
50 1 calc---------------
0 4 1756950
1 1 94875300
2 1 218141465
3 1 215921956
215921956
go 15120 50000
50 0 calc---------------
0 4 1756950
1 3 405307321
2 1 102517136
3 1 945993853
945993853
50 1 calc---------------
0 4 1756950
1 1 94875300
2 1 218141465
218141465
go 10800 50000
50 0 calc---------------
0 4 1756950
1 3 405307321
2 2 972996930
972996930
50 1 calc---------------
0 4 1756950
1 1 94875300
3 1 218141465
218141465
go 1296 50000
50 0 calc---------------
0 4 1756950
1 4 76887852
76887852
50 1 calc---------------
0 4 1756950
2 2 609070736
3 1 107960978
107960978
go 9072 50000
50 0 calc---------------
0 4 1756950
1 4 76887852
3 1 459495388
459495388
50 1 calc---------------
0 4 1756950
2 2 609070736
609070736
go 6480 50000
50 0 calc---------------
0 4 1756950
1 4 76887852
2 1 459495388
459495388
50 1 calc---------------
0 4 1756950
2 1 94875300
3 1 218141465
218141465
go 45360 50000
50 0 calc---------------
0 4 1756950
1 4 76887852
2 1 459495388
3 1 110227703
110227703
50 1 calc---------------
0 4 1756950
2 1 94875300
94875300
go 32400 50000
50 0 calc---------------
0 4 1756950
1 4 76887852
2 2 555113855
555113855
50 1 calc---------------
0 4 1756950
3 1 94875300
94875300
go 32 50000
50 0 calc---------------
0 5 75900240
75900240
50 1 calc---------------
0 3 44200
1 4 405307321
2 2 972996930
3 1 406818471
406818471
go 224 50000
50 0 calc---------------
0 5 75900240
3 1 174513172
174513172
50 1 calc---------------
0 3 44200
1 4 405307321
2 2 972996930
972996930
go 160 50000
50 0 calc---------------
0 5 75900240
2 1 174513172
174513172
50 1 calc---------------
0 3 44200
1 4 405307321
2 1 102517136
3 1 945993853
945993853
go 1120 50000
50 0 calc---------------
0 5 75900240
2 1 174513172
3 1 772737569
772737569
50 1 calc---------------
0 3 44200
1 4 405307321
2 1 102517136
102517136
go 800 50000
50 0 calc---------------
0 5 75900240
2 2 886368788
886368788
50 1 calc---------------
0 3 44200
1 4 405307321
3 1 102517136
102517136
go 5600 50000
50 0 calc---------------
0 5 75900240
2 2 886368788
3 1 523020566
523020566
50 1 calc---------------
0 3 44200
1 4 405307321
405307321
go 96 50000
50 0 calc---------------
0 5 75900240
1 1 174513172
174513172
50 1 calc---------------
0 3 44200
1 3 319173986
2 2 401678093
3 1 297329233
297329233
go 672 50000
50 0 calc---------------
0 5 75900240
1 1 174513172
3 1 772737569
772737569
50 1 calc---------------
0 3 44200
1 3 319173986
2 2 401678093
401678093
go 480 50000
50 0 calc---------------
0 5 75900240
1 1 174513172
2 1 772737569
772737569
50 1 calc---------------
0 3 44200
1 3 319173986
2 1 873743097
3 1 803356186
803356186
go 3360 50000
50 0 calc---------------
0 5 75900240
1 1 174513172
2 1 772737569
3 1 46041125
46041125
50 1 calc---------------
0 3 44200
1 3 319173986
2 1 873743097
873743097
go 2400 50000
50 0 calc---------------
0 5 75900240
1 1 174513172
2 2 523020566
523020566
50 1 calc---------------
0 3 44200
1 3 319173986
3 1 873743097
873743097
go 16800 50000
50 0 calc---------------
0 5 75900240
1 1 174513172
2 2 523020566
3 1 335192618
335192618
50 1 calc---------------
0 3 44200
1 3 319173986
319173986
go 288 50000
50 0 calc---------------
0 5 75900240
1 2 886368788
886368788
50 1 calc---------------
0 3 44200
1 2 63250200
2 2 405307321
3 1 102517136
102517136
go 2016 50000
50 0 calc---------------
0 5 75900240
1 2 886368788
3 1 523020566
523020566
50 1 calc---------------
0 3 44200
1 2 63250200
2 2 405307321
405307321
go 1440 50000
50 0 calc---------------
0 5 75900240
1 2 886368788
2 1 523020566
523020566
50 1 calc---------------
0 3 44200
1 2 63250200
2 1 478760979
3 1 810614642
810614642
go 10080 50000
50 0 calc---------------
0 5 75900240
1 2 886368788
2 1 523020566
3 1 335192618
335192618
50 1 calc---------------
0 3 44200
1 2 63250200
2 1 478760979
478760979
go 7200 50000
50 0 calc---------------
0 5 75900240
1 2 886368788
2 2 167596309
167596309
50 1 calc---------------
0 3 44200
1 2 63250200
3 1 478760979
478760979
go 864 50000
50 0 calc---------------
0 5 75900240
1 3 682013713
682013713
50 1 calc---------------
0 3 44200
1 1 2342600
2 2 478760979
3 1 810614642
810614642
go 6048 50000
50 0 calc---------------
0 5 75900240
1 3 682013713
3 1 556795081
556795081
50 1 calc---------------
0 3 44200
1 1 2342600
2 2 478760979
478760979
go 4320 50000
50 0 calc---------------
0 5 75900240
1 3 682013713
2 1 556795081
556795081
50 1 calc---------------
0 3 44200
1 1 2342600
2 1 126500400
3 1 957521958
957521958
go 30240 50000
50 0 calc---------------
0 5 75900240
1 3 682013713
2 1 556795081
3 1 850909555
850909555
50 1 calc---------------
0 3 44200
1 1 2342600
2 1 126500400
126500400
go 21600 50000
50 0 calc---------------
0 5 75900240
1 3 682013713
2 2 925454781
925454781
50 1 calc---------------
0 3 44200
1 1 2342600
3 1 126500400
126500400
go 2592 50000
50 0 calc---------------
0 5 75900240
1 4 167596309
167596309
50 1 calc---------------
0 3 44200
2 2 63250200
3 1 478760979
478760979
go 18144 50000
50 0 calc---------------
0 5 75900240
1 4 167596309
3 1 888182168
888182168
50 1 calc---------------
0 3 44200
2 2 63250200
63250200
go 12960 50000
50 0 calc---------------
0 5 75900240
1 4 167596309
2 1 888182168
888182168
50 1 calc---------------
0 3 44200
2 1 2342600
3 1 126500400
126500400
go 64 50000
50 0 calc---------------
0 6 478760979
478760979
50 1 calc---------------
0 2 1275
1 4 609070736
2 2 76887852
3 1 459495388
459495388
go 448 50000
50 0 calc---------------
0 6 478760979
3 1 810614642
810614642
50 1 calc---------------
0 2 1275
1 4 609070736
2 2 76887852
76887852
go 320 50000
50 0 calc---------------
0 6 478760979
2 1 810614642
810614642
50 1 calc---------------
0 2 1275
1 4 609070736
2 1 107960978
3 1 153775704
153775704
go 2240 50000
50 0 calc---------------
0 6 478760979
2 1 810614642
3 1 205034272
205034272
50 1 calc---------------
0 2 1275
1 4 609070736
2 1 107960978
107960978
go 1600 50000
50 0 calc---------------
0 6 478760979
2 2 102517136
102517136
50 1 calc---------------
0 2 1275
1 4 609070736
3 1 107960978
107960978
go 11200 50000
50 0 calc---------------
0 6 478760979
2 2 102517136
3 1 945993853
945993853
50 1 calc---------------
0 2 1275
1 4 609070736
609070736
go 192 50000
50 0 calc---------------
0 6 478760979
1 1 810614642
810614642
50 1 calc---------------
0 2 1275
1 3 63250200
2 2 405307321
3 1 102517136
102517136
go 1344 50000
50 0 calc---------------
0 6 478760979
1 1 810614642
3 1 205034272
205034272
50 1 calc---------------
0 2 1275
1 3 63250200
2 2 405307321
405307321
go 960 50000
50 0 calc---------------
0 6 478760979
1 1 810614642
2 1 205034272
205034272
50 1 calc---------------
0 2 1275
1 3 63250200
2 1 478760979
3 1 810614642
810614642
go 6720 50000
50 0 calc---------------
0 6 478760979
1 1 810614642
2 1 205034272
3 1 891987699
891987699
50 1 calc---------------
0 2 1275
1 3 63250200
2 1 478760979
478760979
go 4800 50000
50 0 calc---------------
0 6 478760979
1 1 810614642
2 2 945993853
945993853
50 1 calc---------------
0 2 1275
1 3 63250200
3 1 478760979
478760979
go 33600 50000
50 0 calc---------------
0 6 478760979
1 1 810614642
2 2 945993853
3 1 813636942
813636942
50 1 calc---------------
0 2 1275
1 3 63250200
63250200
go 576 50000
50 0 calc---------------
0 6 478760979
1 2 102517136
102517136
50 1 calc---------------
0 2 1275
1 2 1756950
2 2 609070736
3 1 107960978
107960978
go 4032 50000
50 0 calc---------------
0 6 478760979
1 2 102517136
3 1 945993853
945993853
50 1 calc---------------
0 2 1275
1 2 1756950
2 2 609070736
609070736
go 2880 50000
50 0 calc---------------
0 6 478760979
1 2 102517136
2 1 945993853
945993853
50 1 calc---------------
0 2 1275
1 2 1756950
2 1 94875300
3 1 218141465
218141465
go 20160 50000
50 0 calc---------------
0 6 478760979
1 2 102517136
2 1 945993853
3 1 813636942
813636942
50 1 calc---------------
0 2 1275
1 2 1756950
2 1 94875300
94875300
go 14400 50000
50 0 calc---------------
0 6 478760979
1 2 102517136
2 2 406818471
406818471
50 1 calc---------------
0 2 1275
1 2 1756950
3 1 94875300
94875300
go 1728 50000
50 0 calc---------------
0 6 478760979
1 3 297329233
297329233
50 1 calc---------------
0 2 1275
1 1 66300
2 2 94875300
3 1 218141465
218141465
go 12096 50000
50 0 calc---------------
0 6 478760979
1 3 297329233
3 1 542424628
542424628
50 1 calc---------------
0 2 1275
1 1 66300
2 2 94875300
94875300
go 8640 50000
50 0 calc---------------
0 6 478760979
1 3 297329233
2 1 542424628
542424628
50 1 calc---------------
0 2 1275
1 1 66300
2 1 3513900
3 1 189750600
189750600
go 43200 50000
50 0 calc---------------
0 6 478760979
1 3 297329233
2 2 272738728
272738728
50 1 calc---------------
0 2 1275
1 1 66300
3 1 3513900
3513900
go 5184 50000
50 0 calc---------------
0 6 478760979
1 4 406818471
406818471
50 1 calc---------------
0 2 1275
2 2 1756950
3 1 94875300
94875300
go 36288 50000
50 0 calc---------------
0 6 478760979
1 4 406818471
3 1 409108092
409108092
50 1 calc---------------
0 2 1275
2 2 1756950
1756950
go 25920 50000
50 0 calc---------------
0 6 478760979
1 4 406818471
2 1 409108092
409108092
50 1 calc---------------
0 2 1275
2 1 66300
3 1 3513900
3513900
go 128 50000
50 0 calc---------------
0 7 980526838
980526838
50 1 calc---------------
0 1 50
1 4 94875300
2 2 107960978
3 1 153775704
153775704
go 896 50000
50 0 calc---------------
0 7 980526838
3 1 890029381
890029381
50 1 calc---------------
0 1 50
1 4 94875300
2 2 107960978
107960978
go 640 50000
50 0 calc---------------
0 7 980526838
2 1 890029381
890029381
50 1 calc---------------
0 1 50
1 4 94875300
2 1 218141465
3 1 215921956
215921956
go 4480 50000
50 0 calc---------------
0 7 980526838
2 1 890029381
3 1 621703741
621703741
50 1 calc---------------
0 1 50
1 4 94875300
2 1 218141465
218141465
go 3200 50000
50 0 calc---------------
0 7 980526838
2 2 810851874
810851874
50 1 calc---------------
0 1 50
1 4 94875300
3 1 218141465
218141465
go 22400 50000
50 0 calc---------------
0 7 980526838
2 2 810851874
3 1 840260237
840260237
50 1 calc---------------
0 1 50
1 4 94875300
94875300
go 384 50000
50 0 calc---------------
0 7 980526838
1 1 890029381
890029381
50 1 calc---------------
0 1 50
1 3 2342600
2 2 478760979
3 1 810614642
810614642
go 2688 50000
50 0 calc---------------
0 7 980526838
1 1 890029381
3 1 621703741
621703741
50 1 calc---------------
0 1 50
1 3 2342600
2 2 478760979
478760979
go 1920 50000
50 0 calc---------------
0 7 980526838
1 1 890029381
2 1 621703741
621703741
50 1 calc---------------
0 1 50
1 3 2342600
2 1 126500400
3 1 957521958
957521958
go 13440 50000
50 0 calc---------------
0 7 980526838
1 1 890029381
2 1 621703741
3 1 680520467
680520467
50 1 calc---------------
0 1 50
1 3 2342600
2 1 126500400
126500400
go 9600 50000
50 0 calc---------------
0 7 980526838
1 1 890029381
2 2 840260237
840260237
50 1 calc---------------
0 1 50
1 3 2342600
3 1 126500400
126500400
go 1152 50000
50 0 calc---------------
0 7 980526838
1 2 810851874
810851874
50 1 calc---------------
0 1 50
1 2 66300
2 2 94875300
3 1 218141465
218141465
go 8064 50000
50 0 calc---------------
0 7 980526838
1 2 810851874
3 1 840260237
840260237
50 1 calc---------------
0 1 50
1 2 66300
2 2 94875300
94875300
go 5760 50000
50 0 calc---------------
0 7 980526838
1 2 810851874
2 1 840260237
840260237
50 1 calc---------------
0 1 50
1 2 66300
2 1 3513900
3 1 189750600
189750600
go 40320 50000
50 0 calc---------------
0 7 980526838
1 2 810851874
2 1 840260237
3 1 415613870
415613870
50 1 calc---------------
0 1 50
1 2 66300
2 1 3513900
3513900
go 28800 50000
50 0 calc---------------
0 7 980526838
1 2 810851874
2 2 207806935
207806935
50 1 calc---------------
0 1 50
1 2 66300
3 1 3513900
3513900
go 3456 50000
50 0 calc---------------
0 7 980526838
1 3 893506827
893506827
50 1 calc---------------
0 1 50
1 1 2550
2 2 3513900
3 1 189750600
189750600
go 24192 50000
50 0 calc---------------
0 7 980526838
1 3 893506827
3 1 610409249
610409249
50 1 calc---------------
0 1 50
1 1 2550
2 2 3513900
3513900
go 17280 50000
50 0 calc---------------
0 7 980526838
1 3 893506827
2 1 610409249
610409249
50 1 calc---------------
0 1 50
1 1 2550
2 1 132600
3 1 7027800
7027800
go 10368 50000
50 0 calc---------------
0 7 980526838
1 4 207806935
207806935
50 1 calc---------------
0 1 50
2 2 66300
3 1 3513900
3513900
go 256 50000
50 0 calc---------------
0 8 153775704
153775704
50 1 calc---------------
1 4 1756950
2 2 609070736
3 1 107960978
107960978
go 1792 50000
50 0 calc---------------
0 8 153775704
3 1 918990776
918990776
50 1 calc---------------
1 4 1756950
2 2 609070736
609070736
go 1280 50000
50 0 calc---------------
0 8 153775704
2 1 918990776
918990776
50 1 calc---------------
1 4 1756950
2 1 94875300
3 1 218141465
218141465
go 8960 50000
50 0 calc---------------
0 8 153775704
2 1 918990776
3 1 220455406
220455406
50 1 calc---------------
1 4 1756950
2 1 94875300
94875300
go 6400 50000
50 0 calc---------------
0 8 153775704
2 2 110227703
110227703
50 1 calc---------------
1 4 1756950
3 1 94875300
94875300
go 44800 50000
50 0 calc---------------
0 8 153775704
2 2 110227703
3 1 613662138
613662138
50 1 calc---------------
1 4 1756950
1756950
go 768 50000
50 0 calc---------------
0 8 153775704
1 1 918990776
918990776
50 1 calc---------------
1 3 44200
2 2 63250200
3 1 478760979
478760979
go 5376 50000
50 0 calc---------------
0 8 153775704
1 1 918990776
3 1 220455406
220455406
50 1 calc---------------
1 3 44200
2 2 63250200
63250200
go 3840 50000
50 0 calc---------------
0 8 153775704
1 1 918990776
2 1 220455406
220455406
50 1 calc---------------
1 3 44200
2 1 2342600
3 1 126500400
126500400
go 26880 50000
50 0 calc---------------
0 8 153775704
1 1 918990776
2 1 220455406
3 1 227324269
227324269
50 1 calc---------------
1 3 44200
2 1 2342600
2342600
go 19200 50000
50 0 calc---------------
0 8 153775704
1 1 918990776
2 2 613662138
613662138
50 1 calc---------------
1 3 44200
3 1 2342600
2342600
go 2304 50000
50 0 calc---------------
0 8 153775704
1 2 110227703
110227703
50 1 calc---------------
1 2 1275
2 2 1756950
3 1 94875300
94875300
go 16128 50000
50 0 calc---------------
0 8 153775704
1 2 110227703
3 1 613662138
613662138
50 1 calc---------------
1 2 1275
2 2 1756950
1756950
go 11520 50000
50 0 calc---------------
0 8 153775704
1 2 110227703
2 1 613662138
613662138
50 1 calc---------------
1 2 1275
2 1 66300
3 1 3513900
3513900
go 6912 50000
50 0 calc---------------
0 8 153775704
1 3 409108092
409108092
50 1 calc---------------
1 1 50
2 2 66300
3 1 3513900
3513900
go 48384 50000
50 0 calc---------------
0 8 153775704
1 3 409108092
3 1 955593444
955593444
50 1 calc---------------
1 1 50
2 2 66300
66300
go 34560 50000
50 0 calc---------------
0 8 153775704
1 3 409108092
2 1 955593444
955593444
50 1 calc---------------
1 1 50
2 1 2550
3 1 132600
132600
go 20736 50000
50 0 calc---------------
0 8 153775704
1 4 716695083
716695083
50 1 calc---------------
2 2 1275
3 1 66300
66300
Case #4: 96095429
