90
278021243259829440 257979971062493400 463911998354142588
402494627858198736 124484637036796004 120430823502705058
926774598942415488 24846209495116100 873924375092446216
716549248506563361 187631808111218376 384016666328928
956022712934857120 24497078255131785 277430889995585248
231673860243175672 96175474973701252 5143128828275680
306144589086371610 20974525130306495 266425279757945308
77665544332211 11223344556677 0
587022330332506710 75527760649129130 175312778407609856
1000000000000000000 123456789123456789 987654321987654321
250 180 5
238640361667971885 118481167285190344 663165378309285786
83716485936440 64528193749358 1938563682
250 180 0
617678570881956600 212032392524324568 323815526341700184
45065654823849248 22145763358690334 171176646724423875
200109538285010289 49363744160568300 240706982980573720
603801865643617662 42497323487076815 56149370458221225
98666454349872745 23148379857762494 76724890440754608
695762976748571460 264452967363670360 150838813689150244
214583770295363106 69229185582086495 289202872636535760
616740931928871920 13551599020239 120993049628257312
250 180 6
265706450016039120 195800848612380018 146553797709469300
250 180 7
614064507855957868 200029622849481743 25936201506490860
470099553951860868 147679126437803736 192062758511508744
221405756146964915 186424654324164710 890504426710054240
250 180 2
75300826847265690 8261518418721672 373297028391454862
221698042627448100 146178912525454150 16389470401140096
821560774550493706 145619782720204108 56512657057403610
419207806048124808 9477696772386600 411092707308474780
368343935072019540 267318102809965548 163924717898605739
675198952120020504 12693828525390824 98003652468530252
222408383811329412 41350015118554064 46875626258614713
90673193592484380 46831348518596952 267909103250045284
153921450095618896 109904247944577162 62860720914180000
446575340883013577 102440853569408994 700169277227689254
243017954929152970 81985813851266897 60194972134316105
143288033368674420 1041019406976861 354089523757810680
245228252012425644 70152821095283836 108951133082862820
873860681335491140 154400248919512052 46349012138667419
765389065575425400 201438683288972364 8528746013854698
197186856612110640 185086778934784610 49950188738000796
142297327781979860 40867421787744542 387937021871892349
253462616584961972 10567931421935888 267775867591040718
648431762988169215 404465766467323860 68540020564700473
205561667385181119 120145170122748288 15157895919535350
201 200 1
185 183 2
817792675546437960 138964541283841284 111105545806462425
132446667731459565 11191094227443300 530420845402911780
335409455984614092 238039378554736460 787799729458091823
462792662510415488 127936207661020066 361379784727679388
426193744388488444 94532054603213952 474070809732471360
633017514829209001 103027084569292692 671453054252717880
373868218924203009 110068475810000488 176257064294994456
250 180 3
136954494940961280 73093304696359080 206252361653160357
383559415311140402 166843837396756350 675006289322640220
590293694070288075 93785113464380310 156743395662723631
214940384476010862 10703018569558194 72638084380358484
250 180 4
355201150419470880 124367535743497685 812060495325651660
249547091106509124 4783897035775276 87904966708779930
88250149864040208 57066959308069095 107495602565322180
356785612347205260 24491933679921605 211160526969766920
408177997100500200 401595501136817280 294155213762357145
650741289190765900 584935419091047174 8077451659288947
189225499158751013 180564607640781792 460232581720028364
495990428810520676 18885738079286169 78234271707244663
307082582931576672 32444830435625575 83483632571934910
300649489393177782 73581813337728000 464684001023867490
302620129558596900 195687843452950264 99272987829424991
268730947250374810 30969612486836015 220370769158820148
250 180 8
239921271940827983 38664263405904164 572292855763814480
944241200996631300 242259594615544632 123571133462185542
120037259506978800 13297862015874150 382324722059839046
329844421563242300 272168307499812438 699224428584740420
367170830405506664 1968088193377358 405256744559600516
576019184748162782 202181510430906787 594003868206536466
343629357118037949 4679451420204756 472610987596264192
96013867419309042 32596782990594610 367618210047729223
455910286617884786 167459099031375530 208782463683555650
250 180 1
497037550136922775 9406677436513318 428375797174706144
432557330144274720 409345639517845192 165446898272607852
664046928481103390 46852229707078054 45637728648698087
